
 Колличество вершин 4 

       1   2   3   4 

 1   |  0|  1|  1|  6|

 2   |  1|  0|  8|  1|

 3   |  1|  2|  0|  5|

 4   |  6| -1|  5|  0|

Список кратчайших путей:6|  9|  0|

 4   |  1|  9|  8|  0|  2|  4|  0|  9|

 5   | -1|  3|  0|  2|  0|  4|  3|  1|

 6   |  4|  8|  6|  4|  4|  0|  0|  1|

 7   |  6|  0|  9|  0|  3|  0|  0|  1|

 8   |  8|  6|  0|  9|  1|  1|  1|  0|

Список кратчайших путей:

Ошибка! Найден отрицательный цикл

 [2]-[1]= 1 (2->1)
 [2]-[2]= 0 (2)
 [2]-[3]= 6 (2->4->3)
 [2]-[4]= 1 (2->4)